function [wut_cr_lut_data, uvic_cfd_lut_data, uvic_cfd_true_data, uvic_amp_lut_data] = f00_pmtCFDAlgorithmLUT()

    wut_cr_lut_data = [-0.00312500000000000	-0.00234375000000000	-0.00156250000000000	-0.000781250000000004	-0.000781250000000004	-3.46944695195361e-18	0.000781249999999997	0.00156250000000000	0.00234375000000000	0.00312500000000000	0.00390625000000000	0.00468750000000000	0.00546874999999999	0.00625000000000000	0.00625000000000000	0.00703125000000000	0.00781249999999999	0.00859375000000000	0.00937499999999999	0.0101562500000000	0.0109375000000000	0.0117187500000000	0.0125000000000000	0.0132812500000000	0.0140625000000000	0.0148437500000000	0.0156250000000000	0.0164062500000000	0.0171875000000000	0.0179687500000000	0.0187500000000000	0.0195312500000000	0.0203125000000000	0.0210937500000000	0.0218750000000000	0.0226562500000000	0.0234375000000000	0.0242187500000000	0.0250000000000000	0.0257812500000000	0.0265625000000000	0.0273437500000000	0.0281250000000000	0.0289062500000000	0.0296875000000000	0.0304687500000000	0.0320312500000000	0.0328125000000000	0.0335937500000000	0.0343750000000000	0.0351562500000000	0.0359375000000000	0.0375000000000000	0.0382812500000000	0.0390625000000000	0.0398437500000000	0.0406250000000000	0.0421875000000000	0.0429687500000000	0.0437500000000000	0.0445312500000000	0.0460937500000000	0.0468750000000000	0.0476562500000000	0.0492187500000000	0.0500000000000000	0.0507812500000000	0.0523437500000000	0.0531250000000000	0.0546875000000000	0.0554687500000000	0.0562500000000000	0.0578125000000000	0.0585937500000000	0.0601562500000000	0.0609375000000000	0.0625000000000000	0.0632812500000000	0.0648437500000000	0.0656250000000000	0.0671875000000000	0.0687500000000000	0.0695312500000000	0.0710937500000000	0.0718750000000000	0.0734375000000000	0.0750000000000000	0.0757812500000000	0.0773437500000000	0.0789062500000000	0.0796875000000000	0.0812500000000000	0.0828125000000000	0.0835937500000000	0.0851562500000000	0.0867187500000000	0.0875000000000000	0.0890625000000000	0.0898437500000000	0.0914062500000000	0.0921875000000000	0.0937500000000000	0.0953125000000000	0.0960937500000000	0.0968750000000000	0.0984375000000000	0.0992187500000000	0.100781250000000	0.101562500000000	0.102343750000000	0.103906250000000	0.104687500000000	0.105468750000000	0.106250000000000	0.107031250000000	0.107812500000000	0.108593750000000	0.109375000000000	0.110156250000000	0.110937500000000	0.111718750000000	0.112500000000000	0.113281250000000	0.113281250000000	0.114062500000000	0.114843750000000	0.114843750000000	0.115625000000000	0.116406250000000	0.116406250000000	0.117187500000000	0.117187500000000	0.117187500000000	0.117968750000000	0.117968750000000	0.117968750000000	0.118750000000000	0.118750000000000	0.118750000000000	0.118750000000000	0.119531250000000	0.119531250000000	0.119531250000000	0.119531250000000	0.119531250000000	0.119531250000000	0.119531250000000	0.119531250000000	0.119531250000000	0.119531250000000	0.119531250000000	0.119531250000000	0.118750000000000	0.118750000000000	0.118750000000000	0.118750000000000	0.117968750000000	0.117968750000000	0.117968750000000	0.117187500000000	0.117187500000000	0.117187500000000	0.116406250000000	0.116406250000000	0.115625000000000	0.115625000000000	0.114843750000000	0.114843750000000	0.114062500000000	0.114062500000000	0.113281250000000	0.112500000000000	0.112500000000000	0.111718750000000	0.110937500000000	0.110156250000000	0.110156250000000	0.109375000000000	0.108593750000000	0.107812500000000	0.107031250000000	0.106250000000000	0.105468750000000	0.105468750000000	0.104687500000000	0.103906250000000	0.103125000000000	0.102343750000000	0.101562500000000	0.100000000000000	0.0992187500000000	0.0984375000000000	0.0976562500000000	0.0968750000000000	0.0960937500000000	0.0953125000000000	0.0937500000000000	0.0929687500000000	0.0921875000000000	0.0914062500000000	0.0898437500000000	0.0890625000000000	0.0882812500000000	0.0867187500000000	0.0859375000000000	0.0843750000000000	0.0835937500000000	0.0828125000000000	0.0812500000000000	0.0804687500000000	0.0789062500000000	0.0781250000000000	0.0765625000000000	0.0750000000000000	0.0742187500000000	0.0726562500000000	0.0718750000000000	0.0703125000000000	0.0687500000000000	0.0679687500000000	0.0664062500000000	0.0648437500000000	0.0640625000000000	0.0625000000000000	0.0609375000000000	0.0593750000000000	0.0578125000000000	0.0570312500000000	0.0554687500000000	0.0539062500000000	0.0523437500000000	0.0507812500000000	0.0492187500000000	0.0476562500000000	0.0460937500000000	0.0445312500000000	0.0429687500000000	0.0414062500000000	0.0398437500000000	0.0382812500000000	0.0367187500000000	0.0351562500000000	0.0335937500000000	0.0320312500000000	0.0304687500000000	0.0289062500000000	0.0273437500000000	0.0257812500000000	0.0242187500000000	0.0218750000000000	0.0203125000000000	0.0187500000000000	0.0171875000000000	0.0156250000000000	0.0132812500000000	0.0117187500000000	0.0101562500000000];
