function waveforms = f01_pmtCFDWaveforms()

    waveforms(:,1) = [0.0 0.0 0.0 0.0 0.0 4.0 108.0 639.0 1275.0 905.0 -29.0 -270.0 -109.0 -156.0 -234.0 -193.0 -127.0 -119.0 -141.0 -116.0 -79.0 -79.0 -79.0 -66.0 -58.0 -55.0 -53.0 -48.0 -44.0 -43.0 -41.0 -37.0];

end